0,1
113,1
128,2
129,1
145,1
146,1
149,1
15,1
150,1
152,1
153,1
155,1
157,1
162,1
165,1
166,1
167,1
17,1
170,1
174,2
193,2
195,1
199,1
20,1
203,1
205,1
207,1
208,1
209,1
213,1
219,1
221,1
224,1
237,1
238,1
247,1
252,1
255,1
265,1
266,1
27,1
273,1
277,1
278,1
281,1
287,1
292,1
302,1
309,1
311,2
316,1
325,1
327,1
338,1
339,1
342,1
345,1
365,1
367,1
369,1
37,1
374,1
377,1
378,1
394,1
396,1
397,1
399,1
401,1
403,1
406,1
409,1
413,1
417,2
429,1
430,1
438,1
439,1
446,1
455,1
459,1
466,1
469,1
475,1
482,1
484,1
489,2
494,1
495,1
57,1
66,1
82,1
86,1
98,1
